1712
856
1284
2996
428
2568
0
857
1713
1285
429
2997
858
1
2569
430
1714
2998
1286
859
2
2570
2140
2999
1715
431
860
3
2571
1287
1716
432
2141
3000
861
4
2572
1288
1717
3001
2142
433
2573
862
1289
3002
5
1718
863
2143
434
2574
3003
1290
6
435
864
3004
2144
7
2575
1291
436
1719
3005
1292
865
8
2145
437
3006
9
438
1720
2576
2146
3007
1293
10
439
2577
2147
1721
3008
1294
440
2578
11
3009
2148
866
441
2579
1722
12
2149
3010
867
2580
442
13
1295
2150
2581
3011
868
1723
1296
2151
14
2582
443
3012
869
1297
2152
2583
3013
1724
15
444
870
2153
3014
2584
1298
16
871
2154
3015
1725
445
2585
17
872
2155
1299
3016
446
18
873
2156
1726
1300
3017
2586
1727
447
3018
874
2157
1301
2587
3019
19
875
2158
1728
448
20
3020
2588
1302
2159
1729
21
2160
3021
2589
449
1303
2161
1730
1304
22
2590
3022
450
2162
23
3023
1305
2591
876
3024
1306
24
2163
451
1731
3025
2592
877
1307
2164
25
3026
878
452
1308
2593
1732
26
2165
3027
879
1309
2594
2166
453
27
880
1733
1310
28
881
2167
3028
2595
1311
1734
454
2168
2596
1312
29
3029
882
1735
1313
30
2169
2597
455
3030
1314
31
883
2598
2170
1736
3031
1315
32
2599
884
456
1316
2171
3032
2600
33
885
457
1317
1737
34
2172
2601
3033
1318
886
458
2173
3034
2602
35
887
1319
2174
3035
2603
459
1738
36
1320
888
3036
2604
2175
1739
3037
460
1321
37
889
2176
2605
1322
38
3038
1740
890
461
39
2177
3039
2606
1323
40
3040
891
1741
1324
2178
2607
462
41
892
1325
3041
2608
2179
42
1326
463
3042
1742
893
43
2180
3043
1327
44
894
464
2609
3044
2181
1743
1328
45
3045
2610
465
1329
46
2182
1744
3046
1330
47
2611
466
3047
48
2183
1331
1745
895
3048
49
2612
467
2184
896
50
1332
3049
1746
897
2613
51
1333
2185
468
3050
52
2614
1334
1747
3051
2186
898
53
1335
1748
2615
469
899
54
1336
2187
3052
2616
55
900
1749
3053
2188
56
470
901
2617
3054
1750
471
2189
902
3055
57
2618
1337
903
3056
2190
472
58
2619
1338
1751
59
3057
2620
1339
2191
904
60
473
3058
1340
2621
1752
2192
61
3059
905
1341
2622
62
474
2193
3060
1753
63
906
1342
2623
64
3061
907
475
2194
1754
65
2624
1343
3062
908
66
2625
476
2195
1344
3063
909
1755
67
2626
3064
2196
1345
68
477
910
1756
69
3065
1346
2627
2197
911
70
478
2628
3066
2198
912
71
1347
1757
3067
913
72
2629
1348
2199
73
479
3068
914
1758
2630
1349
74
480
2200
3069
2631
915
75
1350
2201
1759
481
3070
916
76
2632
1351
3071
77
2202
917
2633
1760
1352
78
2203
3072
482
2634
79
3073
918
2204
1761
2635
919
483
3074
80
2205
3075
2636
920
1353
1762
2206
81
484
1354
3076
2637
2207
921
82
1763
1355
3077
2208
2638
485
922
83
1356
2209
3078
1764
486
1357
2639
923
3079
84
2210
924
1358
2640
487
3080
2211
85
1765
925
1359
3081
2641
926
2212
488
3082
1360
86
2642
1766
2213
927
3083
1361
2643
489
87
928
1362
3084
2214
1767
2644
929
88
3085
490
1768
1363
2215
2645
3086
89
930
2216
1769
1364
491
2646
931
3087
1365
90
2217
1770
2647
492
3088
1366
91
2218
2648
3089
1367
1771
493
2219
3090
2649
92
2220
3091
2650
1772
93
2221
494
3092
2651
2222
94
3093
2652
1773
495
2223
95
3094
2653
2224
1774
3095
496
96
2654
932
2225
2655
3096
1775
97
2226
3097
497
2656
1368
933
3098
2227
98
1776
1369
2657
934
498
3099
2228
1370
935
99
1777
3100
2658
2229
499
1371
3101
100
2230
936
2659
500
1372
1778
3102
937
2231
101
2660
501
938
1373
3103
1779
2232
2661
3104
102
1374
939
502
1375
2233
3105
2662
1780
103
1781
3106
503
940
2234
1376
2663
3107
1782
1377
941
104
2235
504
2664
3108
942
2236
1378
3109
1783
943
105
2665
2237
1379
944
505
3110
2666
2238
1380
106
1784
3111
945
2667
1381
2239
506
3112
946
107
2668
1382
1785
507
3113
108
947
2240
1383
2669
948
3114
2241
109
508
1786
949
1384
2670
3115
2242
950
509
110
2671
3116
1385
1787
2243
3117
2672
510
111
951
1386
1788
3118
2673
1387
2244
511
3119
112
952
2674
1388
1789
3120
2245
1389
512
2675
3121
2246
113
953
1390
2247
3122
1790
2676
513
114
1391
3123
2248
954
2677
514
1392
3124
2249
1791
955
115
3125
1393
2678
2250
515
1394
1792
2679
3126
516
956
116
2251
1395
3127
517
2680
117
1396
2252
1793
518
3128
1397
957
2681
2253
118
3129
1398
1794
519
958
2682
3130
2254
1399
1795
119
3131
1400
520
2683
2255
1796
959
3132
1401
2684
120
521
2256
2685
3133
1402
1797
960
2257
2686
1403
3134
121
522
2258
1798
1404
3135
961
2687
1405
122
2259
523
3136
1799
2688
1406
962
2689
2260
1407
3137
123
524
1800
2690
1408
963
3138
2261
1409
2691
525
124
3139
1801
2692
3140
964
1410
2693
526
3141
125
2262
965
1411
1802
3142
527
2694
966
1412
2263
126
528
3143
967
1803
2695
1413
2264
968
1804
3144
529
2696
127
969
1414
3145
2265
2697
530
1805
970
1415
2266
3146
128
531
2698
2267
3147
532
1806
2699
1416
129
3148
533
2268
1417
1807
2700
534
3149
1418
2269
130
3150
1419
2701
535
1808
971
2270
131
3151
2702
972
1420
536
1809
2271
973
2703
3152
132
1810
2272
974
537
1421
3153
2704
975
2273
1422
3154
133
1811
976
538
1423
2705
134
2274
977
3155
2706
539
1424
978
1812
2275
3156
135
2707
1425
540
979
3157
1426
541
2276
980
1813
2708
3158
136
542
981
1427
2277
3159
543
1814
982
2709
2278
544
137
3160
1428
983
545
2279
1815
1429
2710
984
3161
546
138
1430
2711
2280
985
1816
3162
547
2712
986
548
139
2281
1431
3163
987
1817
549
1432
2282
3164
2713
988
140
550
3165
1433
2714
2283
1818
551
3166
989
1434
552
141
2284
990
3167
553
2715
1819
1435
991
2285
3168
554
142
1436
992
1820
555
993
2286
3169
2716
1437
556
3170
143
1438
2287
994
1821
2717
3171
995
557
2288
144
558
3172
2718
1822
2289
559
145
3173
2290
560
2719
1823
561
3174
2291
562
146
996
1824
2720
2292
563
3175
997
564
147
998
2293
3176
2721
1825
1439
565
1440
3177
566
999
148
1441
2294
1826
2722
1000
3178
149
1442
567
2295
1001
3179
1827
1443
2723
568
150
1002
2296
1444
1828
569
2724
1003
151
3180
1445
1829
2297
1004
3181
1446
2725
1005
152
1830
570
3182
2298
1006
571
1447
1831
2726
153
1007
2299
1448
3183
1008
572
3184
1449
154
1832
2300
1009
2727
1450
3185
1010
2301
1833
573
1451
155
2728
3186
2302
1011
1452
1834
574
3187
2303
2729
156
575
1012
1453
2304
1835
3188
576
1013
2730
157
1454
577
1014
2731
3189
158
2305
1836
1455
1015
2732
3190
578
2306
159
1016
1456
1837
2307
1017
2733
3191
579
1838
1018
1457
160
2308
3192
1019
2734
1839
2309
1458
580
3193
2735
161
1020
581
1459
2310
162
1021
3194
1840
2736
163
1460
582
2311
3195
1022
2737
2312
1841
164
1023
583
2738
3196
1461
2313
1024
584
2739
1462
2314
3197
1842
1025
165
2740
1463
1843
585
2315
3198
1464
2741
2316
166
3199
1844
586
2742
1465
167
3200
2743
2317
1845
1466
168
587
3201
2744
1467
2318
3202
1846
1468
588
2745
169
1026
2319
3203
589
1027
1847
1469
2746
3204
2320
170
590
1028
1848
1470
2747
3205
591
171
1029
2321
1471
1849
3206
592
172
1030
2748
1472
2322
593
3207
1850
1473
2323
2749
594
173
2324
3208
1851
1474
595
2750
2325
174
596
3209
2751
1852
1475
597
2326
175
3210
1476
598
3211
2327
2752
1853
176
1031
599
1477
1032
2753
3212
2328
600
1854
1478
177
2754
1033
601
3213
2329
1855
2755
602
1479
1856
178
2330
3214
1034
2756
603
1480
3215
2757
1857
2331
604
1481
179
2758
1035
3216
1482
2332
1858
2759
180
605
1483
3217
1036
2760
2333
181
606
1484
1859
3218
2761
1485
182
1860
2334
1037
2762
3219
1486
2763
1861
183
607
2335
1038
1487
2764
3220
608
1488
1862
2765
2336
184
609
3221
1863
1039
185
2766
1489
2337
3222
1864
186
610
1490
2767
1865
2338
1040
3223
1491
2768
1866
2339
611
1492
2769
3224
187
1867
1041
612
3225
1868
2340
2770
1493
613
188
1042
3226
1869
189
2341
614
1043
2771
1494
3227
1870
2342
190
2772
3228
615
1044
1495
2343
1871
3229
616
2773
191
1496
3230
1045
2774
1872
2344
617
1497
2345
618
2775
3231
1873
1046
1498
2346
192
3232
2776
619
193
2347
1047
1499
1874
3233
620
2348
2777
1500
194
1875
3234
621
2349
1048
2778
1501
3235
2350
1049
1876
622
2779
195
1502
3236
623
1503
2351
1050
1877
2780
3237
1504
196
3238
2352
2781
1505
624
1878
197
1051
3239
2353
1506
1052
2782
625
1879
198
1053
3240
2354
1507
1880
2783
1054
3241
626
1508
1881
199
2355
1055
2784
3242
1509
1882
1056
2356
627
1510
3243
200
2785
1057
1883
2357
628
2786
3244
1058
1511
629
201
2358
1059
1884
1512
3245
2787
2359
1060
630
3246
2788
202
2360
1513
1885
1061
2789
2361
3247
1514
631
2790
1062
2362
1886
203
632
1515
2791
3248
1063
2363
1887
633
2364
1516
204
3249
2792
1064
2365
1517
3250
1888
634
1065
2366
2793
1518
3251
205
1066
635
2367
1519
1889
3252
2794
1067
636
1520
2368
3253
1068
206
637
1890
2795
2369
3254
1069
638
1521
2370
3255
2796
1070
207
1891
2371
639
1522
3256
2797
1071
2372
640
1892
1523
208
3257
2798
1072
1524
2373
3258
1893
641
1073
209
2799
2374
3259
1525
1894
1074
3260
2375
642
1526
2800
210
2376
3261
1895
1075
1527
211
2377
2801
3262
1076
1528
1896
2802
3263
1077
2378
1529
212
2803
3264
1078
1897
643
2379
1530
3265
1079
644
213
1531
2804
1898
3266
2380
1080
3267
1532
214
1081
2805
1899
2381
645
3268
1082
1533
2806
646
3269
2382
215
1083
1900
1534
2807
2383
3270
1084
216
647
1901
1535
2808
2384
1085
3271
217
648
1536
2385
3272
1086
1902
2809
2386
1537
1087
649
3273
218
2387
1903
2810
1538
1088
650
2388
219
3274
1904
1089
1539
2811
651
3275
1540
2389
220
652
1090
1905
2812
3276
653
1091
2390
1541
1906
2813
221
2391
1542
1092
3277
1907
2814
2392
1543
1093
2393
2815
1908
222
3278
1544
1094
2394
223
654
2816
1909
3279
2395
1545
655
2817
224
1910
3280
2396
1546
656
2818
3281
1911
2397
657
1547
225
1912
1095
2819
2398
3282
1913
1548
658
1096
2820
2399
226
3283
1914
659
1097
2400
2821
1549
660
3284
2401
1915
1098
227
2822
1550
2402
661
1099
3285
228
1916
2823
2403
1100
662
1551
2404
1917
3286
1101
663
229
1552
2824
2405
1102
664
2825
3287
1918
1553
2406
1103
665
230
3288
1554
2407
2826
1104
666
3289
1919
2408
667
1555
3290
2827
231
2409
1920
1105
1556
232
668
2410
2828
1557
1106
1921
3291
2829
2411
233
669
1107
2412
670
1558
1108
1922
3292
2830
234
2413
671
1109
1923
1559
2414
1110
3293
672
2831
2415
235
1560
3294
1111
1924
2416
673
1561
3295
1112
2832
1925
236
2417
1562
1113
3296
674
2418
2833
3297
675
1114
1563
1926
2419
237
3298
1115
676
1564
2834
2420
1927
3299
1116
2421
1565
677
238
3300
1928
2835
1117
1566
2422
678
3301
1118
1567
2836
1929
239
679
3302
1119
2423
680
1930
1568
2837
1120
3303
681
2424
240
1931
1569
1121
2838
682
2425
3304
1570
1122
241
2426
2839
3305
1932
683
1571
1123
2427
2840
684
3306
1572
1124
242
1933
2428
685
2841
3307
1573
2429
1125
686
243
1934
1574
2430
3308
1126
2842
1575
2431
687
1127
1935
3309
244
2432
1576
2843
688
1936
1128
245
689
2844
3310
1577
1129
2433
690
1578
1937
246
1130
2845
3311
2434
1579
691
1131
1938
2846
2435
247
3312
692
1132
1939
693
3313
2436
1580
2847
1133
248
1940
1941
2437
3314
1134
694
1581
2848
249
1135
1942
1582
2438
695
3315
2849
1136
696
1583
1943
250
3316
1137
2439
2850
251
697
1584
1138
3317
1944
2851
698
1585
1139
252
3318
2440
699
1586
1140
1945
2852
3319
2441
700
1141
1946
253
2853
3320
701
1587
1142
1947
2442
1588
2854
3321
1143
254
702
1589
3322
2855
1144
255
1948
2443
1590
703
1145
2444
2856
3323
1591
256
1949
1146
2445
704
1592
2857
1147
2446
3324
257
705
1148
3325
1593
2447
2858
1950
1149
706
3326
1594
2448
258
1150
707
2859
1595
1951
3327
259
2449
1151
2860
1596
708
3328
1152
1597
2450
1952
260
2861
3329
1153
709
3330
2451
1154
1953
1598
710
261
2862
2452
3331
711
1155
1954
1599
2453
2863
712
1156
262
1600
1955
2454
2864
713
1157
1601
2455
3332
1158
2865
1602
1956
714
263
2456
3333
1159
715
2866
1603
264
3334
2457
1957
1160
1604
2867
3335
1161
716
2458
1958
3336
1605
265
1162
717
2868
1606
1959
2459
1163
3337
266
2869
1960
1164
2460
1607
3338
1165
2870
3339
1961
267
2461
1608
1166
718
2871
3340
719
1962
1609
2462
268
1167
720
3341
2872
269
1168
1610
1963
2463
3342
721
1169
2873
270
2464
1611
1964
3343
1170
2874
722
2465
1612
1965
3344
1171
723
2875
2466
1966
271
1613
1172
3345
724
2467
1614
2876
1967
3346
1173
272
1615
2468
1174
3347
2877
1968
725
273
1175
1616
2469
3348
2878
1176
1969
274
2470
1617
1970
3349
2879
1177
1971
2471
1618
275
3350
1178
1972
2880
3351
2472
1619
1973
2881
276
1179
1620
1974
2473
277
3352
2882
1621
2474
1975
1180
278
726
3353
2883
1622
2475
1976
727
3354
1181
279
728
2884
1623
1977
2476
3355
2885
1978
729
1182
280
2477
1624
2886
730
3356
281
2478
2887
1183
1625
1979
3357
2479
731
2888
282
1626
2480
1980
2889
732
1184
1627
2481
2890
3358
283
1185
2482
1981
733
1628
2891
3359
2483
1186
284
2892
1982
1629
3360
734
2484
1187
2893
2485
3361
1983
1188
285
1630
2486
3362
735
1189
1631
2894
1984
2487
286
1190
3363
736
2895
1632
3364
2488
1191
287
1985
2489
1192
2896
1633
3365
737
1634
2490
1986
288
1193
2897
3366
738
2491
1194
1635
3367
1987
289
1195
2898
2492
1636
3368
739
1196
2899
2493
1988
290
3369
1637
2494
2900
1197
740
1989
2495
1198
3370
1638
2901
291
2496
741
1990
1199
2902
2497
3371
1639
1991
2498
292
742
1640
2903
2499
1992
1641
3372
293
2904
743
1642
1993
2500
2905
3373
1643
294
2906
2501
1994
744
1644
3374
1200
295
2907
1995
1645
1201
2502
296
3375
745
1996
2908
1646
2503
3376
2909
1647
297
1202
1997
2504
3377
746
1648
3378
2910
1203
1998
2505
298
1649
747
1204
3379
2911
2506
1999
299
3380
1650
2912
748
1205
2507
3381
2000
1651
300
2913
1206
749
2508
301
2914
3382
2001
1652
2509
1207
3383
2915
302
2002
750
2510
1653
1208
3384
2511
751
2916
303
2003
2512
3385
1209
1654
752
2917
2004
2513
3386
1210
1655
304
753
2005
2918
1211
3387
1656
2514
2006
3388
1212
305
2919
2515
754
1657
2007
3389
755
2920
2516
306
1213
1658
756
3390
2008
2517
2921
1214
3391
757
2518
307
1215
2922
1659
2009
3392
758
1216
2923
2519
2010
1660
3393
1217
759
2924
308
2520
760
3394
2011
1661
1218
2925
761
3395
309
2521
1219
1662
762
3396
2522
2012
1663
2926
1220
3397
310
763
2523
2013
311
764
1664
3398
2927
1221
2014
2524
1222
765
312
1665
2928
2525
2015
1223
3399
766
2929
1666
2016
2526
313
2930
3400
2017
1224
1667
767
2527
2018
3401
1668
314
2931
1225
2528
768
3402
2019
2932
769
3403
1669
2529
2933
315
2020
1226
770
2530
1670
3404
2934
771
1227
2021
316
2935
2531
3405
1671
772
1228
2936
2532
3406
773
2022
317
1672
1229
2937
3407
2533
2023
2938
318
1673
3408
2939
3409
2534
1674
2024
319
2940
3410
2535
1675
2941
3411
2025
2536
2942
320
1230
3412
1676
2026
321
1231
2943
2537
3413
1677
2944
1232
2027
2538
322
3414
1678
2539
2945
1233
1679
2028
3415
2540
2946
323
1680
2029
1234
2947
324
1681
2030
2541
2948
3416
1235
325
2949
1682
2031
3417
1236
2542
2950
3418
1683
2032
326
2951
1237
2543
3419
2952
1684
2033
3420
1238
2953
327
2544
1239
3421
1685
2034
774
2954
1240
2545
2955
3422
328
2035
1686
775
2956
3423
1241
2546
2036
2957
329
1687
3424
2958
1242
2037
2547
776
3425
2959
1688
1243
2548
330
777
2960
3426
2038
1244
778
1689
2549
2039
3427
331
2961
2550
3428
779
1690
2040
332
2551
2962
3429
780
2041
2552
1691
3430
2963
333
781
2553
2964
2042
782
1692
2554
2965
334
783
2555
2966
2043
1693
784
2967
335
2556
785
2044
2968
2557
1694
2969
786
2045
1245
2970
787
2558
336
1695
1246
2971
788
2046
2559
1696
2972
337
1247
2560
789
2047
2973
1697
1248
338
790
2048
2974
2561
1698
1249
791
2049
2975
2562
339
1699
2050
1250
2563
792
2976
2051
1700
793
2564
1251
340
1701
2052
2977
2565
1252
1702
2053
794
2978
2566
1253
1703
2054
795
341
2567
2979
1704
1254
2055
342
2980
796
1705
1255
2056
2981
1256
797
1706
343
1257
798
1707
2057
2982
1258
344
1708
2058
799
1259
2983
800
2059
1709
1260
345
2984
346
2060
801
1261
1710
2985
2061
1262
347
1711
2986
802
2062
1263
803
2987
1264
2063
348
2988
804
1265
2064
1266
805
2989
349
2065
806
2990
1267
2066
807
2991
350
2067
1268
2992
351
808
2068
2993
1269
809
2069
1270
352
2994
810
1271
2070
2995
811
1272
353
2071
1273
812
1274
2072
813
354
2073
814
355
815
2074
356
2075
1275
2076
357
1276
2077
1277
2078
358
1278
2079
1279
359
1280
816
2080
1281
817
360
2081
1282
818
361
819
2082
1283
820
362
2083
821
2084
363
822
364
823
2085
2086
365
824
825
2087
366
826
2088
827
2089
367
2090
368
2091
2092
369
370
2093
2094
371
2095
372
2096
828
373
829
2097
374
2098
830
2099
375
831
832
2100
376
2101
377
2102
378
2103
833
2104
379
834
2105
835
380
836
2106
381
837
2107
382
838
2108
839
2109
383
840
2110
841
384
2111
842
385
2112
843
386
844
2113
387
2114
845
846
2115
388
847
2116
848
389
849
390
2117
850
851
2118
391
852
2119
853
392
854
2120
393
855
394
2121
395
2122
396
2123
2124
397
2125
398
2126
2127
399
400
2128
401
2129
2130
2131
402
2132
2133
403
2134
404
2135
405
2136
406
2137
407
2138
408
2139
409
410
411
412
413
414
415
416
417
418
419
420
421
422
423
424
425
426
427
